num_particles = 10000
num_mcmc = 10000

start_value
mean
sd
KI_lower
KI_upper
sigma_sq_xa1	1.0	0.002035366	0.0005810892	0.0012715354	0.003130627
phi_xa1	-0.9	0.841352829	0.0209433181	0.8007489069	0.871437580
bet_xa1_1	-12.5	1.670360362	0.1994729696	1.3629458316	2.023055283
sigma_sq_xa2	1.0	0.001563734	0.0004513458	0.0009646701	0.002382103
phi_xa2	0.1	0.823451919	0.0245584147	0.7752312224	0.858797437
bet_xa2_1	10.0	1.943767268	0.2463145314	1.5693261830	2.386699325
sigma_sq_xa3	1.0	0.002275547	0.0006900262	0.0013805533	0.003544996
phi_xa3	0.1	0.827166064	0.0252404639	0.7781479055	0.863241603
bet_xa3_1	-15.0	1.825232289	0.2411310150	1.4603873649	2.256621404
sigma_sq_xa4	1.0	0.002783328	0.0008882998	0.0016278173	0.004408685
phi_xa4	0.1	0.857210643	0.0159179672	0.8271464064	0.880664153
bet_xa4_1	20.0	1.381477680	0.1355450565	1.1648964458	1.614166010
sigma_sq_xa5	1.0	0.003336577	0.0009762669	0.0020297943	0.005126888
phi_xa5	0.1	0.841918181	0.0211063394	0.8023734671	0.872584379
bet_xa5_1	-5.0	1.445914103	0.1709653949	1.1793138302	1.740631814
Showing 1 to 15 of 15 entries, 5 total columns